0.0	0.0005417348840224518
3.0	0.0005403426844360396
4.0	0.0005406536944652618
5.0	0.0005409642201011573
6.0	0.0005395201786053282
7.0	0.0005393081656533422
8.0	0.0005396173876974597
9.0	0.0005399254697721424
10.0	0.0005402324101047077
11.0	0.0005405382070120055
12.0	0.0005408428588768413
13.0	0.0005411463641109289
14.0	0.0005414487211511388
15.0	0.0005417499284605216
16.0	0.000542049984526044
17.0	0.0005365916015742889
18.0	0.00053355135641166
19.0	0.0005336077734296151
20.0	0.0005339044346854992
21.0	0.0005342000034573418
22.0	0.0005344944783447536
23.0	0.0005299467159299894
24.0	0.000523444766953635
25.0	0.0005236581116462004
26.0	0.0005239527233410423
27.0	0.000524246319364129
28.0	0.0005245388983579684
29.0	0.000524830458988061
30.0	0.0005251209999280449
31.0	0.000525410519870699
32.0	0.0005243522966014296
33.0	0.0005246128633229919
34.0	0.0005249074480170468
35.0	0.000524267210547061
36.0	0.0005232943960297509
37.0	0.0005235873963940367
38.0	0.0005238793633928035
39.0	0.0005241702957732268
40.0	0.0005244601922032036
41.0	0.0005232814866567799
42.0	0.000522867172025251
43.0	0.0005231598011170563
44.0	0.0005234513999631727
45.0	0.0005237419675165524
46.0	0.0005240315024506259
47.0	0.0005243200034236055
48.0	0.000524607469114349
49.0	0.0005248938982228441
50.0	0.0005251792894697572
51.0	0.0005254636415963784
52.0	0.0005257469533648882
53.0	0.0005260292235575422
54.0	0.000526310450977095
55.0	0.0005265906344477165
56.0	0.0005268697728129589
57.0	0.0005252499190792803
58.0	0.0005247197022331287
59.0	0.0005170898899718209
60.0	0.0005173626357560365
61.0	0.0005176343964118774
62.0	0.0005179051708431442
63.0	0.0005181749580043648
64.0	0.000513363199797094
65.0	0.0005132051294240254
66.0	0.0005045328475898038
67.0	0.0005041400727636813
68.0	0.0005043937353823148
69.0	0.0005046464816080574
70.0	0.0005048983105766272
71.0	0.0005051492215639072
72.0	0.0005053992138688175
73.0	0.0004983527673719538
74.0	0.0004986065947341147
75.0	0.0004988595448857836
76.0	0.0004991116163463409
77.0	0.0004993628082650599
78.0	0.0004996131198915252
79.0	0.0004998625504909869
80.0	0.000500111099340342
81.0	0.0005003587657321246
82.0	0.0005006055489734066
83.0	0.0005008514483862087
84.0	0.000501096463307276
85.0	0.0005013405930876887
86.0	0.0005015838370948714
87.0	0.0005018261947082593
88.0	0.0005020676653241951
89.0	0.0005023082483537241
90.0	0.0005025479432209034
91.0	0.0005027867493658378
92.0	0.0005030246662425732
93.0	0.0005032616933202562
94.0	0.0005034978300818083
95.0	0.0005037330760256345
96.0	0.0005039674306642124
97.0	0.0005042008935236006
98.0	0.0005044334641461625
99.0	0.000504665142087321
100.0	0.0005048959269171854
101.0	0.0005051258182204448
102.0	0.0005020756889303547
103.0	0.000502309641901735
104.0	0.0005025431676692134
105.0	0.0005019967355811921
106.0	0.0005022371752074583
107.0	0.0005024767152024299
108.0	0.0005027153551436444
109.0	0.0005029530944848081
110.0	0.0005031899326856475
111.0	0.000503425869218736
112.0	0.0005036609035715523
113.0	0.0005003489645383006
114.0	0.00050058210830101
115.0	0.0005008143712053608
116.0	0.0005010457523946482
117.0	0.0005012762513544506
118.0	0.0005015058676287518
119.0	0.0004995659748491155
120.0	0.0004987653129230108
121.0	0.0004989907944494936
122.0	0.0004952609368578682
123.0	0.0004918203763711258
124.0	0.0004920463608426692
125.0	0.0004922715262545601
126.0	0.0004924958716678657
127.0	0.0004927193966069403
128.0	0.0004929421006433871
129.0	0.0004931639833569106
130.0	0.0004933850443398066
131.0	0.0004936052831954619
132.0	0.0004938246995391499
133.0	0.0004940432929988034
134.0	0.0004942610632133369
135.0	0.0004944780098342647
136.0	0.0004946941325239037
137.0	0.0004949094309582499
138.0	0.0004951239048229145
139.0	0.000495337553815817
140.0	0.0004955503776482562
141.0	0.0004957623760415192
142.0	0.000495973548729195
143.0	0.0004961838954561388
144.0	0.0004963934159791318
145.0	0.000496602110066216
146.0	0.0004968099774977493
147.0	0.0004970170180648682
148.0	0.0004972232315708535
149.0	0.0004974286178299442
150.0	0.0004976331766683866
151.0	0.0004978369079226756
152.0	0.0004980398114418963
153.0	0.0004982418870868808
154.0	0.0004984431347282473
155.0	0.0004986435542483889
156.0	0.0004988431455423413
157.0	0.0004990419085150201
158.0	0.0004992398430819037
159.0	0.0004994369491726536
160.0	0.0004996332267241959
161.0	0.0004998286756873851
162.0	0.0005000232960227768
163.0	0.0005002170877024957
164.0	0.0005004100507099624
165.0	0.0005006021850384732
166.0	0.0005007934906945671
167.0	0.0005009839676921002
168.0	0.0005011736160596601
169.0	0.000501362435833511
170.0	0.0005015504270634654
171.0	0.0005017375898078931
172.0	0.0005019239241372059
173.0	0.0005021094301314901
174.0	0.0005022941078827484
175.0	0.0005024779574928109
176.0	0.0005026609790738519
177.0	0.0005028431727491547
178.0	0.0004981749634901574
179.0	0.0004968486234538909
180.0	0.0004970236380311293
181.0	0.0004971978624905868
182.0	0.0004973712968432999
183.0	0.0004975439412830245
184.0	0.0004977157960306337
185.0	0.0004978868613158071
186.0	0.0004980571373777687
187.0	0.0004982266244650813
188.0	0.0004983953228337489
189.0	0.0004985632327511444
190.0	0.0004987303544925671
191.0	0.000498896688342413
192.0	0.0004953581443437119
193.0	0.0004952157212148766
194.0	0.0004953771353897177
195.0	0.0004945438832400616
196.0	0.0004947115325130775
197.0	0.0004948783915903422
198.0	0.000495044460886009
199.0	0.0004952097407071527
200.0	0.0004953742313438064
201.0	0.0004955379330873766
202.0	0.0004957008462398272
203.0	0.0004958629711113687
204.0	0.0004960243080213267
205.0	0.000496184857298798
206.0	0.000496344619281081
207.0	0.0004965035943158198
208.0	0.0004900572165615775
209.0	0.0004891126445349511
210.0	0.0004892693593668634
211.0	0.0004894253255676756
212.0	0.0004895805434610679
213.0	0.0004897350134024605
214.0	0.0004898887357455909
215.0	0.000490041710851995
216.0	0.0004901939390912675
217.0	0.0004903454208402031
218.0	0.0004904961564839072
219.0	0.0004906461464161337
220.0	0.0004907953910376602
221.0	0.0004909438907558723
222.0	0.00049109164598847
223.0	0.0004912386571582421
224.0	0.0004898884028892602
225.0	0.0004900380269240538
226.0	0.0004897782549640594
227.0	0.0004895602273163132
228.0	0.0004897103213466512
229.0	0.0004898596836738168
230.0	0.0004900083146944087
231.0	0.0004901562147698394
232.0	0.0004903033842618351
233.0	0.0004904498235397424
234.0	0.0004905955329804464
235.0	0.0004907405129681246
236.0	0.0004908847638946508
237.0	0.0004910282861578572
238.0	0.0004911710801643138
239.0	0.000491313146327305
240.0	0.0004914544850669837
241.0	0.0004915950968106399
242.0	0.0004917349819927603
243.0	0.0004898403588566586
244.0	0.0004894860655323976
245.0	0.0004896293659761886
246.0	0.0004897719490934419
247.0	0.0004899138153726757
248.0	0.0004900549652072562
249.0	0.0004901953989939684
250.0	0.00048691680094463874
251.0	0.0004869059090485576
252.0	0.00048595468269450946
253.0	0.0004857960462525169
254.0	0.000485926258370533
255.0	0.0004860557724482543
256.0	0.00048618458906779445
257.0	0.000486312708745318
258.0	0.00048644013199316833
259.0	0.0004865668593275719
260.0	0.00048669289127335297
261.0	0.00048681822835994654
262.0	0.0004869428711233521
263.0	0.0004870668244039146
264.0	0.00048719010127885567
265.0	0.00048731270274248665
266.0	0.0004874346293611932
267.0	0.0004875558816681569
268.0	0.0004876764601957761
269.0	0.0004877963654846541
270.0	0.00048791559807945635
271.0	0.0004880341585302544
272.0	0.00048815204739473673
273.0	0.00048826926523252854
274.0	0.0004883858126117007
275.0	0.000488501690104288
276.0	0.0004886168982877326
277.0	0.0004887314377459289
278.0	0.000488845309067298
279.0	0.0004889585128445649
280.0	0.0004890710496773682
281.0	0.0004891829201698186
282.0	0.0004884302420705024
283.0	0.0004885436933659662
284.0	0.0004886564758295359
285.0	0.0004887685901930492
286.0	0.0004888800370698367
287.0	0.0004889908170646856
288.0	0.0004891009307821025
289.0	0.0004892103788353395
290.0	0.0004893191618399818
291.0	0.0004894272804188715
292.0	0.0004877425470089355
293.0	0.0004874044888692639
294.0	0.00048750800918779684
295.0	0.000487610872867243
296.0	0.0004877130805673745
297.0	0.0004878146329550852
298.0	0.00048402600542028947
299.0	0.00048406719618818497
300.0	0.00048416649446960243
301.0	0.0004842651682344429
302.0	0.00048436321818163804
303.0	0.00048446064496391716
304.0	0.00048455744922568084
305.0	0.0004846536316171728
306.0	0.0004847491927908374
307.0	0.000484844133405431
308.0	0.0004849384541214989
309.0	0.0004850321556067464
310.0	0.0004851252385297424
311.0	0.00048521770356588613
312.0	0.00048530955139235377
313.0	0.0004854007826929186
314.0	0.0004854913981523017
315.0	0.0004855813984610871
316.0	0.0004856707843145938
317.0	0.0004857595564103149
318.0	0.0004858477154498593
319.0	0.0004859352621396531
320.0	0.00048602219719005873
321.0	0.00048610852131393133
322.0	0.00048619423522910205
323.0	0.0004862793396569311
324.0	0.00048636383532280617
325.0	0.00048644772295427873
326.0	0.00048653100328444293
327.0	0.00048661367704997327
328.0	0.00048506461956198977
329.0	0.00048392695114778166
330.0	0.00048401376602267144
331.0	0.0004840999773990035
332.0	0.00048418558577515683
333.0	0.0004842705918009389
334.0	0.00048435499615131166
335.0	0.000484438799506053
336.0	0.00048452200254764843
337.0	0.0004846046059627426
338.0	0.0004846866104410962
339.0	0.0004847680166760837
340.0	0.00048484882536754126
341.0	0.00048492903721508664
342.0	0.00048500865292538177
343.0	0.00048508767320581974
344.0	0.0004851660987703975
345.0	0.00048524393033431507
346.0	0.00048532116861783235
347.0	0.00048539781434320934
348.0	0.0004854738682395549
349.0	0.0004855493310354746
350.0	0.00048562420346536623
351.0	0.0004856984862668035
352.0	0.0004853172969900112
353.0	0.00048529475038246747
354.0	0.00048537011547705977
355.0	0.0004854448906652898
356.0	0.00048551907669172926
357.0	0.0004855926743063481
358.0	0.00048241772358721295
359.0	0.00048249747316688824
360.0	0.0004825766465819069
361.0	0.00048265524430553985
362.0	0.00048273326694338504
363.0	0.0004828107151175678
364.0	0.0004828875894560855
365.0	0.0004829638905876736
366.0	0.0004816971081581821
367.0	0.00048177341124919974
368.0	0.000481849147746989
369.0	0.0004819243181811548
370.0	0.0004792534888635483
371.0	0.00047932974858972115
372.0	0.00047940545125708175
373.0	0.0004794805975100251
374.0	0.0004791959093439075
375.0	0.0004792148024025344
376.0	0.000479290403114152
377.0	0.0004793654420160251
378.0	0.00047943991972728366
379.0	0.00047951383686134724
380.0	0.0004795871940307524
381.0	0.0004796599918518984
382.0	0.00047973223094385325
383.0	0.0004798039119290834
384.0	0.0004798750354340633
385.0	0.00047994560209026834
386.0	0.00048001561252926947
387.0	0.0004800850673871686
388.0	0.0004801539673049855
389.0	0.0004802223129245438
390.0	0.00048029010489321843
391.0	0.0004803573438610438
392.0	0.0004804240304798451
393.0	0.0004804901654069923
394.0	0.0004805557493004727
395.0	0.00048062078282366425
396.0	0.00048068526664301714
397.0	0.000479053256848101
398.0	0.0004791149777293696
399.0	0.00047917615688809046
400.0	0.00047923679493871356
401.0	0.00047899717458811203
402.0	0.0004774808632216737
403.0	0.0004775408838311449
404.0	0.00047760037042208077
405.0	0.0004776593236859762
406.0	0.0004777177443120796
407.0	0.0004777756329935659
408.0	0.000477832990425761
409.0	0.00047788981730978545
410.0	0.00047794611434599863
411.0	0.0004780018822406899
412.0	0.0004780571217005162
413.0	0.0004781118334369011
414.0	0.000478166018160776
415.0	0.0004782196765900036
416.0	0.00047770113315879554
417.0	0.00047763079192792904
418.0	0.0004776850670749556
419.0	0.0004777388154083246
420.0	0.00047779203765684796
421.0	0.0004778447345464798
422.0	0.000477896906801842
423.0	0.00047794855515201573
424.0	0.00047799968032457256
425.0	0.00047805028305243814
426.0	0.0004781003640712456
427.0	0.00047814992411788224
428.0	0.0004781989639324371
429.0	0.0004782474842566511
430.0	0.000478295485835644
431.0	0.0004783429694184298
432.0	0.00047838993575183877
433.0	0.00047843638558949355
434.0	0.0004784823196873356
435.0	0.0004785277388002482
436.0	0.00047857264368940297
437.0	0.0004786170351147738
438.0	0.00047866091384190384
439.0	0.000478704280636504
440.0	0.0004787471362672852
441.0	0.0004787894815063692
442.0	0.00047883131712569846
443.0	0.00047887264390127673
444.0	0.0004789134626099719
445.0	0.00047895377403360366
446.0	0.00047899357895195684
447.0	0.00047903287815161594
448.0	0.00047644053905544553
449.0	0.0004764777501393314
450.0	0.00047651446428408165
451.0	0.0004765506821533596
452.0	0.0004765864045340009
453.0	0.000476621632224074
454.0	0.00047665636602622295
455.0	0.00047669060674648264
456.0	0.00047672435518758126
457.0	0.0004767576121612111
458.0	0.00047679037847562025
459.0	0.0004768226549423242
460.0	0.000476854442376084
461.0	0.0004768857415914767
462.0	0.00047691655340566485
463.0	0.00047694687863837095
464.0	0.00047697671811161704
465.0	0.00047667221495747736
466.0	0.00047668135943233867
467.0	0.0004767105494569379
468.0	0.0004767392554467568
469.0	0.0004767674782101035
470.0	0.0004767952185766948
471.0	0.00047682247737583554
472.0	0.00047684925544145195
473.0	0.0004768755536057609
474.0	0.00047690137270885104
475.0	0.0004723010805601328
476.0	0.0004723225069964401
477.0	0.0004723434847865078
478.0	0.00047236401442565584
479.0	0.00047238409669116425
480.0	0.00047240373239043485
481.0	0.00047242292232831665
482.0	0.0004724416673109716
483.0	0.0004724599681456312
484.0	0.00047247782564132566
485.0	0.0004724952406083121
486.0	0.00047248893870511464
487.0	0.00047242143969140893
488.0	0.0004724387733691418
489.0	0.0004724556624304494
490.0	0.00047247210767859454
491.0	0.00047248810992845384
492.0	0.0004725036699984222
493.0	0.0004725187887090332
494.0	0.00047253346687787054
495.0	0.0004710116802333055
496.0	0.0004710282956848252
497.0	0.00047104447408850646
498.0	0.00047106021609253463
499.0	0.00047107552247858443
500.0	0.00047109039404561755
501.0	0.00047110483158932634
502.0	0.0004711188359066371
503.0	0.00047113240779926774
504.0	0.00047114554806548787
505.0	0.0004711582575091883
506.0	0.000471170536930309
507.0	0.0004711823871339448
508.0	0.00047119380892482894
509.0	0.0004712048031082644
510.0	0.00047121537049183007
511.0	0.0004712255118824134
512.0	0.00047123522808974725
513.0	0.0004712445199233071
514.0	0.00047125338819381757
515.0	0.0004712618337135403
516.0	0.0004712698572945916
517.0	0.0004712774597514692
518.0	0.00047128464189865037
519.0	0.00047129140455219414
520.0	0.00047129774852691853
521.0	0.00047130367464173626
522.0	0.0004709179904471151
523.0	0.0004708534896285103
524.0	0.0004708594019399811
525.0	0.00047086489582202494
526.0	0.00047086997210259277
527.0	0.00047087463161177073
528.0	0.0004708788751827799
529.0	0.0004708827036438216
530.0	0.0004708861178293862
531.0	0.0004708891185706738
532.0	0.00047089170670131875
533.0	0.00047089388305709566
534.0	0.00047089564847004495
535.0	0.0004708970037791297
536.0	0.00047089794981865966
537.0	0.0004708984874270515
538.0	0.0004708986174414
539.0	0.00047089834070031207
540.0	0.0004708976580446
541.0	0.0004672337293416578
542.0	0.00046722811034712297
543.0	0.00046722210354846423
544.0	0.00046721570977175384
545.0	0.00046720892987656235
546.0	0.0004672017647113175
547.0	0.0004671942151264983
548.0	0.00046718628197051017
549.0	0.0004671779660942482
550.0	0.00046716926834755297
