0.0	0.0005417348840224518
0.07256055800000001	0.000541823472847066
0.089618769	0.0005418394724876294
0.11073888200000001	0.0005418514704655761
0.13190849300000002	0.0005418610677304499
0.18666687	0.0005418690646747708
0.20888678400000002	0.0005418759186280646
0.23060208100000001	0.0005418819154001116
0.252541361	0.0005418872455180113
0.275256712	0.0005418920424559793
0.29700512500000004	0.000541896403068363
0.318941017	0.000541900400094594
0.34447665400000005	0.0005419040894853334
0.40452450300000004	0.000541907515200477
0.42526677	0.0005419107124063291
0.44674825700000004	0.0005419137096737255
0.468703588	0.0005419165305314418
0.49022202000000004	0.000541919194585789
0.5125874380000001	0.000541921718346755
0.5344014180000001	0.0005419241158476188
0.556114032	0.0005419263991163545
0.613118469	0.0005419285785407493
0.634065153	0.0005419306631533601
0.655176712	0.0005419326608570803
0.676523516	0.000541934578606495
0.6977596220000001	0.0005419364225540801
0.7188086840000001	0.0005419381981676517
0.7404985700000001	0.0005419399103299399
0.764050077	0.0005419415634178611
0.8128559550000001	0.0005419431613709828
0.8338828410000001	0.0005419447077473399
0.855860948	0.0005419462057715454
0.8771427690000001	0.0005419476583745185
0.8986010360000001	0.0005419490682293906
0.919995486	0.0005419504377792133
0.9416394990000001	0.000541951769263357
0.9644294320000001	0.0005419530647410369
1.01514405	0.0005419543260989583
1.036296617	0.0005419555550956259
1.057566268	0.0005419567533495841
1.0787694760000002	0.0005419579223609785
1.1034122320000002	0.0005419590635227497
1.1249105700000002	0.0005419601781307082
1.1462220120000002	0.0005419612673915838
1.2008531450000002	0.0005419623324331258
1.2205375200000002	0.000541963374307757
1.2414125440000001	0.0005419643940021252
1.264007651	0.0005419653924409769
1.2853648320000002	0.0005419663704910023
1.306628743	0.0005419673289692162
1.32974484	0.000541968268642606
1.350953786	0.0005419691902346745
1.4033095560000002	0.0005419700944282618
1.4228926000000002	0.0005419709818678452
1.443483206	0.0005419718531627651
1.464453964	0.000541972708889772
1.485204977	0.0005419735495951133
1.5064793550000002	0.0005419743757973212
1.528535978	0.0005419751879878762
1.550733144	0.0005419759866340389
1.6070769740000002	0.0005419767721801186
1.6304321400000001	0.0005419775450484694
1.65222419	0.0005419783056419383
1.6755914340000002	0.0005419790543442171
1.6968895810000002	0.0005419797915214871
1.718188848	0.0005419805175228991
1.7402262640000001	0.0005419812326816274
1.7620155910000002	0.0005419819373178713
1.816264083	0.0005419826317355186
1.8372295410000001	0.0005419833162271645
1.8577432260000002	0.0005419839910724829
1.8794977560000001	0.0005419846565395875
1.900747597	0.0005419853128852758
1.921996569	0.0005419859603565381
1.943152454	0.0005419865991894129
1.9655987520000002	0.0005419872296119637
2.022485771	0.0005419878518418999
2.045174082	0.0005419884660903439
2.0694508110000003	0.0005419890725588898
2.090839162	0.0005419896714417721
2.111912745	0.0005419902629271235
2.133637797	0.0005419908471947694
2.156717011	0.0005419914244190924
2.177554181	0.0005419919947673497
2.228604497	0.000541992558402022
2.249468648	0.0005419931154791636
2.2707541780000002	0.0005419936661489659
2.2916935140000003	0.0005419942105573083
2.312620666	0.0005419947488453991
2.3341507160000003	0.0005419952811491175
2.355581779	0.00054199580759979
2.3771691930000003	0.0005419963283248104
2.4300456720000003	0.0005419968434474054
2.4505010790000004	0.000541997353086513
2.471736307	0.0005419978573579689
2.493149443	0.0005419983563738004
2.513946078	0.0005419988502416524
2.536188172	0.0005419993390672537
2.557076618	0.0005419998229525459
2.580539567	0.000542000301995871
2.634266798	0.0005420007762936019
2.655424725	0.00054200124593828
2.67655798	0.0005420017110208876
2.6973143370000003	0.0005420021716288997
2.7187640880000004	0.0005420026278476237
2.740974419	0.0005420030797598336
2.7626668540000003	0.0005420035274460417
2.817550074	0.0005420039709844985
2.837166453	0.0005420044104513566
2.857902702	0.0005420048459208916
2.880161632	0.000542005277464779
2.903761315	0.0005420057051534962
2.9256565450000003	0.0005420061290551143
2.9469755930000003	0.0005420065492360456
2.968197902	0.0005420069657612043
3.0238102860000002	0.0005420073786933402
3.0446306040000004	0.0005420077880940448
3.0662834890000004	0.0005420081940233109
3.0880260330000002	0.0005420085965395372
3.109140767	0.0005420089956992502
3.1303622420000004	0.0005420093915583763
3.1529577590000004	0.0005420097841706036
3.174183171	0.0005420101735893405
3.228693696	0.0005420105598653371
3.249650441	0.0005420109430494931
3.2712565430000002	0.0005420113231907125
3.2923138570000003	0.0005420117003367553
3.313871809	0.0005420120745348908
3.335173778	0.0005420124458303579
3.35620171	0.000542012814268052
3.3785558680000003	0.0005420131798917416
3.4324769440000003	0.0005420135427437714
3.45384541	0.0005420139028659915
3.474678406	0.0005420142602993135
3.4962020330000003	0.000542014615083387
3.517660916	0.0005420149672569089
3.5386398260000003	0.0005420153168587304
3.5601756780000002	0.0005420156639254153
3.581659231	0.0005420160084937656
3.629772086	0.0005420163505994968
3.650578201	0.0005420166902775372
3.671889349	0.0005420170275623499
3.692738863	0.0005420173624865602
3.714552626	0.0005420176950838887
3.7359818160000002	0.0005420180253860998
3.7567678860000004	0.0005420183534245359
3.781654386	0.0005420186792301007
3.8333517340000003	0.0005420190028328507
3.856481322	0.0005420193242627493
3.8772477640000003	0.0005420196435482922
3.898877151	0.0005420199607189719
3.919996386	0.0005420202758013922
3.941443854	0.0005420205888233427
3.9627067470000004	0.0005420208998116882
3.9855520620000005	0.0005420212087922614
4.037918100000001	0.0005420215157909924
4.058536797	0.000542021820833244
4.0800396370000005	0.0005420221239438033
4.101165428	0.000542022425146745
4.122747328	0.000542022724465968
4.144065379000001	0.0005420230219249623
4.165895693	0.0005420233175470514
4.221677953	0.0005420236113541915
4.241684352	0.0005420239033686086
4.262369411	0.0005420241936122418
4.282846422	0.0005420244821066841
4.304373939	0.0005420247688724191
4.3260638280000006	0.0005420250539301396
4.347328453	0.0005420253373002123
4.368268608	0.0005420256190021764
4.420157736	0.0005420258990559281
4.4396372060000004	0.0005420261774806744
4.460124939	0.0005420264542949038
4.481043140000001	0.0005420267295175097
4.501622461	0.0005420270031663892
4.523708286000001	0.0005420272752591573
4.544701905	0.0005420275458142621
4.566218929000001	0.0005420278148483043
4.616545577	0.0005420280823781736
4.637176763	0.0005420283484214373
4.658668259000001	0.0005420286129935371
4.679847784000001	0.0005420288761115649
4.700738804	0.000542029137790521
4.721734423	0.0005420293980466612
4.743615413000001	0.0005420296568949954
4.766116042	0.0005420299143508033
4.822184015	0.0005420301704292048
4.843623195	0.0005420304251447301
4.864407239	0.000542030678511735
4.885319036	0.0005420309305443405
4.908621223	0.0005420311812565221
4.929927554000001	0.0005420314306622401
4.9513599710000005	0.0005420316787747949
4.972411565000001	0.000542031925607897
5.0205145390000006	0.0005420321711744834
5.041578522	0.0005420324154872958
5.06306559	0.000542032658559273
5.084403201000001	0.00054203290040277
5.105477982	0.0005420331410303769
5.127077114	0.0005420333804543232
5.148392439	0.0005420336186858445
5.169996664	0.0005420338557376975
5.222534284	0.0005420340916208922
5.243647640000001	0.0005420343263473509
5.2652230090000005	0.0005420345599280953
5.286275731	0.0005420347923741548
5.306980592	0.000542035023696709
5.328586919	0.0005420352539065002
5.350057436	0.0005420354830138954
5.371553174000001	0.0005420357110298854
5.428353113	0.0005420359379646545
5.448826368000001	0.0005420361638283521
5.470864538000001	0.000542036388630731
5.493132472	0.000542036612382295
5.5150895360000005	0.0005420368350923824
5.5369823700000005	0.0005420370567708497
5.557669576	0.0005420372774270484
5.579322613	0.0005420374970704564
5.627591356	0.0005420377157105335
5.648831429	0.0005420379333562103
5.669825294000001	0.0005420381500163222
5.690505477	0.0005420383656999661
5.711820950000001	0.0005420385804160452
5.733434647	0.000542038794172492
5.754552187000001	0.0005420390069790005
5.8097851170000006	0.00054203921884264
5.831732129000001	0.0005420394297730716
5.852433724	0.000542039639777312
5.8737628310000005	0.0005420398488642129
5.894711508	0.0005420400570414409
5.9162169570000005	0.0005420402643167808
5.937693756000001	0.0005420404706984848
5.958957809	0.0005420406761937678
6.014315653000001	0.000542040880810095
6.035574335000001	0.0005420410845555338
6.057811899000001	0.0005420412874369084
6.0793685690000006	0.0005420414894618727
6.100567532	0.0005420416906373158
6.122338099	0.000542041890970737
6.143713297000001	0.0005420420904690028
6.164772345	0.0005420422891387208
6.216693074	0.0005420424869871332
6.2378048	0.0005420426840206954
6.259099976000001	0.0005420428802463181
6.279923967	0.0005420430756707672
6.301613574	0.0005420432703003639
6.323051611	0.0005420434641413814
6.344486127000001	0.0005420436572001237
6.365518423	0.0005420438494833549
6.422555996000001	0.0005420440409969514
6.444214231	0.0005420442317469364
6.464769328	0.0005420444217396526
6.486100437	0.0005420446109809474
6.507239736000001	0.0005420447994767752
6.529404094	0.0005420449872328273
6.5503323270000005	0.000542045174255142
6.572055355000001	0.000542045360549527
6.6222585270000005	0.0005420455461211676
6.643634008	0.0005420457309758781
6.6646128000000004	0.0005420459151191414
6.685394838000001	0.000542046098556629
6.706866884	0.0005420462812933238
6.728005629	0.0005420464633349763
6.749465928	0.0005420466446868575
6.770350134	0.0005420468253534647
6.826534850000001	0.000542047005340847
6.8473411440000005	0.0005420471846536158
6.868190976	0.0005420473632968411
6.889430408000001	0.0005420475412757259
6.910651578	0.0005420477185948629
6.931713631	0.0005420478952593724
6.952499853000001	0.0005420480712741139
6.9755218370000005	0.0005420482466434924
7.03284352	0.000542048421372734
7.0537603760000005	0.0005420485954660402
7.075475981	0.0005420487689281593
7.0966202240000005	0.0005420489417638355
7.117951617	0.0005420491139772354
7.138804294000001	0.0005420492855732559
7.160323458000001	0.0005420494565558654
7.181946643000001	0.0005420496269298877
7.233143677	0.0005420497966992113
7.254143373000001	0.0005420499658682098
7.274663558	0.000542050134441408
7.295989759	0.0005420503024225783
7.3171838000000005	0.0005420504698160802
7.338557875	0.0005420506366260734
7.359440312	0.0005420508028563848
7.411848966000001	0.0005420509685114619
7.431690099000001	0.0005420511335947231
7.452273156	0.0005420512981103331
7.472608083000001	0.0005420514620621667
7.494549678	0.0005420516254543056
7.515904015	0.0005420517882903864
7.537609563	0.0005420519505740818
7.558496301000001	0.0005420521123090611
7.613591282000001	0.0005420522734991142
7.633453822000001	0.0005420524341479087
7.655390752000001	0.0005420525942592032
7.6785473280000005	0.0005420527538366926
7.699703031	0.0005420529128834805
7.720921015	0.0005420530714034156
7.742345954	0.0005420532293996352
7.763482212	0.0005420533868760118
7.819350433	0.0005420535438357397
7.840513572000001	0.0005420537002821891
7.8615589770000005	0.000542053856218753
7.8833021500000005	0.0005420540116487992
7.9046311760000005	0.0005420541665756731
7.925886846000001	0.0005420543210023674
7.947188051	0.0005420544749321939
7.968747218000001	0.0005420546283681417
8.020121521	0.0005420547813136836
8.04085751	0.0005420549337722529
8.062002981000001	0.000542055085746091
8.083108526	0.000542055237238832
8.104569402000001	0.0005420553882533056
8.125639582	0.0005420555387929104
8.14646315	0.0005420556888600361
8.168185373	0.0005420558384580356
8.220783277	0.0005420559875894154
8.246108038000001	0.0005420561362577827
8.266923119000001	0.0005420562844654453
8.2884043	0.0005420564322156143
8.309686573	0.0005420565795107238
8.331184111	0.0005420567263536853
8.352600067000001	0.0005420568727473648
8.373753158000001	0.0005420570186943879
8.424701714000001	0.0005420571641975493
8.444864096	0.0005420573092596756
8.465830366	0.0005420574538834272
8.487630683	0.0005420575980710263
8.508798118000001	0.0005420577418253241
8.529236918	0.0005420578851490568
8.550528969	0.0005420580280447972
8.573310344000001	0.0005420581705148432
8.630272407000001	0.0005420583125619672
8.654597751	0.0005420584541888274
8.676104773	0.0005420585953972334
8.698931249000001	0.000542058736190289
8.720102462	0.0005420588765700484
8.742569906	0.0005420590165392045
8.763798736	0.0005420591560999603
8.785092195	0.0005420592952551021
8.831264391000001	0.0005420594340063115
8.851526901	0.0005420595723565936
8.872658635	0.0005420597103075593
8.894089799000001	0.0005420598478621379
8.915081086	0.0005420599850223311
8.936281593	0.0005420601217901619
8.956901654000001	0.0005420602581683998
9.008216759	0.0005420603941587156
9.028715376000001	0.0005420605297638702
9.049047810000001	0.0005420606649853358
9.069699499	0.0005420607998261311
9.091055307000001	0.0005420609342874575
9.112276036	0.0005420610683722423
9.133611853000001	0.0005420612020821023
9.154818571	0.0005420613354195449
9.211400951	0.000542061468386259
9.231307652	0.0005420616009842455
9.251896918	0.0005420617332156585
9.273176214000001	0.0005420618650829153
9.294142177000001	0.0005420619965874341
9.316090272	0.0005420621277314997
9.337216586	0.0005420622585171468
9.359487308	0.0005420623889463292
9.405805934	0.0005420625190205715
9.427131878	0.0005420626487422404
9.448758456	0.0005420627781132606
9.470011868	0.0005420629071350318
9.491322655000001	0.000542063035809875
9.512230832	0.0005420631641397743
9.533993643	0.0005420632921260857
9.555383282000001	0.0005420634197711181
9.612862693	0.0005420635470760998
9.636715248	0.0005420636740435033
9.658073821	0.0005420638006745872
9.679198187	0.0005420639269716773
9.699893547	0.000542064052935881
9.721658600000001	0.0005420641785697941
9.74496979	0.0005420643038739682
9.765835579	0.0005420644288509612
9.818900845	0.0005420645535026782
9.839764302	0.0005420646778298465
9.860652819	0.000542064801835363
9.881459852	0.0005420649255197828
9.902257171	0.0005420650488855631
9.92387747	0.0005420651719336786
9.945078589000001	0.0005420652946663782
9.966518594	0.0005420654170850747
10.016308434	0.0005420655391911185
10.037517592	0.0005420656609861463
10.061181326	0.0005420657824720202
10.082635732	0.0005420659036499643
10.103932733	0.0005420660245219767
10.125648466000001	0.0005420661450895028
10.146961064000001	0.0005420662653534523
10.174309138	0.0005420663853160103
10.228495199000001	0.0005420665049784842
10.249262115	0.0005420666243422985
10.272065483	0.0005420667434092994
10.293555503	0.0005420668621802381
10.314734969	0.0005420669806573408
10.336264834000001	0.0005420670988416433
10.357629292	0.0005420672167347847
10.379239901	0.0005420673343379152
10.436747119000001	0.0005420674516526836
10.457387541000001	0.0005420675686803986
10.478147669	0.0005420676854227021
10.499472105	0.0005420678018807605
10.521314991	0.0005420679180557472
10.542300525	0.0005420680339493595
10.563780286	0.000542068149563096
10.61967128	0.0005420682648977507
10.639297387000001	0.0005420683799551181
10.659618418	0.0005420684947363262
10.681004861	0.000542068609242875
10.705357959	0.0005420687234760597
10.726985354	0.0005420688374370158
10.748245652000001	0.0005420689511272243
10.769900326	0.0005420690645476713
10.82073085	0.0005420691777000106
10.841820482000001	0.0005420692905851954
10.862822584	0.0005420694032047157
10.884480729	0.0005420695155595318
10.905697608	0.0005420696276510556
10.928069801000001	0.0005420697394807912
10.949176303000002	0.0005420698510495529
10.970766595	0.0005420699623585147
11.024998039000002	0.0005420700734093725
11.047779242	0.0005420701842030908
11.069254953000002	0.0005420702947402049
11.090543980000001	0.000542070405023172
11.111676238000001	0.0005420705150519584
11.133128847	0.0005420706248284665
11.154401782	0.0005420707343537281
11.176052307	0.000542070843628569
11.225333338	0.0005420709526543927
11.246987390000001	0.0005420710614324353
11.269660688	0.0005420711699633581
11.290956849	0.0005420712782490426
11.312178867	0.0005420713862897552
11.333615272000001	0.0005420714940869275
11.354673724000001	0.000542071601641923
11.376290887000001	0.0005420717089556177
11.42740831	0.0005420718160290269
11.448137594	0.0005420719228633139
11.467904202000001	0.0005420720294594979
11.48952616	0.0005420721358186795
11.510827086	0.0005420722419417456
11.532842500000001	0.0005420723478302084
11.553741949	0.0005420724534846478
11.579118197000001	0.0005420725589062926
11.637609947000001	0.0005420726640961162
11.658689191	0.0005420727690549277
11.682075403	0.0005420728737839148
11.703380781	0.000542072978284112
11.724045454	0.0005420730825566366
11.745669984000001	0.0005420731866023216
11.766951669000001	0.0005420732904221427
11.787764972000002	0.0005420733940172406
11.839947567000001	0.0005420734973883457
11.860616381000002	0.0005420736005365863
11.881578262000001	0.0005420737034626971
11.902795033	0.0005420738061677573
11.924018557	0.0005420739086532615
11.945108568	0.000542074010919222
11.966591488	0.0005420741129671072
11.988448678000001	0.0005420742147977229
12.043920954	0.0005420743164120866
12.064678259	0.0005420744178110818
12.085907152	0.0005420745189954353
12.106945026	0.0005420746199661779
12.127974115	0.0005420747207242072
12.149480531	0.0005420748212704939
12.170738352	0.0005420749216059564
12.223207682	0.0005420750217313455
12.242745847	0.0005420751216474469
12.263633584	0.0005420752213554887
12.284606224000001	0.0005420753208559483
12.305815058	0.0005420754201500738
12.326437721000001	0.0005420755192382028
12.347899441000001	0.0005420756181215211
12.373052540000002	0.0005420757168008864
12.428996781	0.0005420758152770173
12.452609907000001	0.000542075913551067
12.474395332	0.0005420760116234481
12.495603581000001	0.0005420761094950792
12.516183459	0.0005420762071670449
12.537920469000001	0.0005420763046395413
12.558611264000001	0.0005420764019141287
12.580427828000001	0.0005420764989914619
12.634026963	0.000542076595871862
12.655183277	0.000542076692556886
12.676439913000001	0.0005420767890462515
12.697578978000001	0.0005420768853417028
12.718928222	0.000542076981443734
12.740366631	0.0005420770773527634
12.761649505000001	0.000542077173070128
12.783669786	0.0005420772685963505
12.838722538	0.0005420773639318577
12.861102753	0.0005420774590779815
12.884558796	0.0005420775540350224
12.907617496	0.0005420776488041117
12.930569241	0.0005420777433855326
12.955408590000001	0.0005420778377808244
12.978133125000001	0.0005420779319896966
13.001944357000001	0.000542078026013637
13.057230997000001	0.000542078119852774
13.080322519000001	0.000542078213508467
13.103825607000001	0.0005420783069810367
13.128197533000002	0.000542078400271182
13.154360506000002	0.0005420784933800056
13.181179964	0.0005420785863077658
13.212397395	0.0005420786790551809
13.240018161	0.0005420787716233251
13.296202514	0.0005420788640125103
13.317658258000002	0.0005420789562234809
13.33951399	0.0005420790482573566
13.360579718	0.0005420791401144095
13.381902242	0.0005420792317950632
13.403493864000001	0.0005420793233005773
13.424612315000001	0.0005420794146313053
13.445916211	0.0005420795057879452
13.500595126	0.0005420795967712194
13.522241206	0.000542079687581627
13.543178468	0.0005420797782202622
13.565925993	0.0005420798686871736
13.588617669000001	0.0005420799589834854
13.610479900000001	0.0005420800491093844
13.631795739000001	0.0005420801390658326
13.689229511	0.0005420802288537113
13.709772739000002	0.0005420803184729704
13.730869184000001	0.0005420804079247052
13.754646896	0.0005420804972092609
13.776218189000002	0.0005420805863278858
13.797906891	0.0005420806752807656
13.819441543000002	0.0005420807640681597
13.840809128	0.0005420808526912614
13.893361882	0.0005420809411503988
13.913022331	0.0005420810294460181
13.933094365	0.0005420811175791646
13.954231505000001	0.0005420812055501484
13.975249128000002	0.0005420812933598327
13.996525575000001	0.0005420813810081687
14.017568063	0.0005420814684964984
14.039707192000002	0.0005420815558251623
14.093188994	0.0005420816429946585
